Test scores:
Accuracy = 54.79166666666667%
F1_score = 0.49183244083727284
Precision = 0.44741094680059523
Recall = 0.5479166666666667
